Storage
position: 13.227834
scale: 9.925483499999999
rotation: 9.9270195
opacity: 4.409278
hash: 25.19984
mlp: 0.016384
total: 62.705839 MB