Storage
position: 0.281454
scale: 0.2156985
rotation: 0.2172345
opacity: 0.093818
hash: 25.19984
mlp: 0.016384
total: 26.024428999999998 MB