Storage
position: 5.748522
scale: 4.3159995
rotation: 4.3175355
opacity: 1.916174
hash: 25.19984
mlp: 0.016384
total: 41.514455 MB