Storage
position: 4.251342
scale: 3.1931145
rotation: 3.1946505
opacity: 1.417114
hash: 25.19984
mlp: 0.016384
total: 37.272445 MB